- child_frame_id: camera_color_optical_frame
  frame_id: wx250s/base_link
  qw: 0.028553381231808218
  qx: -0.00847187723339515
  qy: -0.9733170517317438
  qz: 0.22749923620727736
  x: 0.662854
  y: 0.450012
  z: 1.10213
